4294967279,46
4294967278,151
4294967278,150
4294967279,49
4294967279,48
4294967279,47
4294967279,535
4294967279,534
4294967278,148
4294967278,345
4294967279,533
4294967278,344
4294967279,53
4294967279,52
4294967279,51
4294967279,50
4294967278,343
4294967278,144
4294967279,532
4294967279,58
4294967279,57
4294967279,56
4294967279,55
4294967279,54
4294967278,342
4294967279,531
4294967278,140
4294967278,139
4294967279,65
4294967279,64
4294967279,63
4294967279,62
4294967279,61
4294967279,60
4294967279,59
4294967278,138
4294967278,277
4294967278,136
4294967278,341
4294967279,530
4294967278,134
4294967279,133
4294967278,133
4294967279,268
4294967278,340
4294967279,269
4294967279,70
4294967279,69
4294967279,68
4294967279,67
4294967279,66
4294967278,284
4294967279,267
4294967278,275
4294967279,279
4294967278,274
4294967278,272
4294967279,76
4294967279,75
4294967279,74
4294967279,73
4294967279,72
4294967279,71
4294967279,278
4294967278,283
4294967279,529
4294967278,269
4294967279,528
4294967278,268
4294967279,81
4294967279,80
4294967279,79
4294967279,78
4294967279,77
4294967279,276
4294967279,92
4294967279,91
4294967279,90
4294967279,89
4294967279,87
4294967279,86
4294967279,85
4294967279,84
4294967279,83
4294967279,82
4294967278,282
4294967278,281
4294967279,110
4294967279,109
4294967279,108
4294967279,107
4294967279,106
4294967279,105
4294967279,104
4294967279,103
4294967279,102
4294967279,101
4294967279,100
4294967279,99
4294967279,98
4294967279,97
4294967279,96
4294967279,95
4294967279,94
4294967279,93
4294967278,339
4294967279,259
4294967278,280
4294967279,527
4294967278,338
4294967279,526
4294967279,274
4294967279,525
4294967278,261
4294967278,278
4294967278,26
4294967278,25
4294967278,24
4294967278,23
4294967278,22
4294967278,21
4294967278,20
4294967278,19
4294967278,18
4294967278,17
4294967278,16
4294967278,15
4294967278,14
4294967278,13
4294967278,12
4294967278,11
4294967278,10
4294967278,9
4294967278,8
4294967278,7
4294967278,6
4294967278,5
4294967278,4
4294967279,132
4294967279,128
4294967279,126
4294967279,124
4294967279,123
4294967279,121
4294967279,120
4294967279,119
4294967279,118
4294967279,117
4294967279,116
4294967279,115
4294967279,114
4294967279,113
4294967279,112
4294967279,111
4294967294,1032
4294967294,186
4294967294,1031
4294967294,424
4294967279,242
4294967279,240
4294967279,524
4294967279,131
4294967278,337
4294967279,523
4294967279,130
4294967278,256
4294967279,522
4294967279,129
4294967278,336
4294967279,521
4294967279,127
4294967279,125
4294967279,251
4294967278,335
4294967279,249
16,5
16,4
4294967279,250
16,3
16,2
16,1
4294967279,520
4294967279,122
4294967279,248
4294967279,247
4294967278,245
4294967278,241
4294967278,239
4294967279,519
4294967294,38
4294967294,37
4294967294,205
4294967294,199
4294967278,334
4294967279,518
14,5
14,4
14,3
14,2
14,1
4294967294,40
4294967294,107
4294967294,94
4294967294,96
4294967278,219
4294967294,9
4294967294,8
0,7
4294967294,45
4294967294,427
4294967294,44
4294967294,53
4294967294,409
4294967294,396
4294967294,1049
4294967294,1078
4294967294,413
4294967294,385
4294967294,179
4294967294,407
4294967294,420
4294967294,398
4294967294,1041
4294967294,1047
4294967294,112
4294967294,169
4294967294,463
4294967294,1077
4294967294,29
4294967294,419
4294967294,28
4294967294,1074
4294967294,2
4294967294,0
4294967294,469
4294967294,91
4294967294,90
4294967294,87
4294967294,86
4294967294,85
4294967294,84
4294967294,1070
4294967294,1069
4294967294,1067
4294967294,1066
4294967294,1061
4294967294,1050
4294967294,436
4294967294,158
4294967294,157
4294967294,156
4294967294,155
4294967294,60
4294967278,37
4294967278,36
4294967278,35
4294967278,34
4294967278,33
4294967278,32
4294967278,31
4294967278,30
4294967278,29
4294967278,28
4294967278,27
4294967279,21
4294967279,20
4294967279,19
4294967279,18
4294967279,16
4294967279,15
4294967279,12
4294967279,11
4294967278,217
4294967278,215
4294967278,333
4294967279,517
4294967278,332
4294967279,516
4294967278,331
4294967279,515
4294967278,330
4294967279,514
4294967279,513
4294967279,260
4294967294,30
4294967294,164
4294967294,163
4294967294,46
4294967294,36
4294967294,39
4294967294,115
4294967294,387
4294967294,388
4294967294,165
4294967294,113
4294967294,167
4294967294,177
4294967294,93
4294967294,95
4294967294,50
4294967294,180
4294967294,175
4294967294,183
4294967294,176
4294967294,12
4294967294,1048
4294967294,27
4294967294,160
4294967294,168
4294967294,162
4294967294,92
4294967294,88
4294967294,104
4294967294,106
4294967294,166
4294967294,24
4294967294,189
4294967294,384
4294967294,190
4294967294,42
4294967294,99
4294967294,76
4294967294,120
4294967294,417
4294967294,51
4294967294,52
4294967294,1
4294967294,25
4294967294,444
4294967294,421
4294967294,81
4294967294,202
4294967294,82
4294967294,11
4294967294,68
4294967278,132
4294967278,131
4294967278,124
4294967278,122
4294967278,121
